MCMC result:
    Parameter = Median | 1st quantile | 3rd quantile
    Gammai = 0.100805926079 | +0.00290759469118 | -0.0165989236696
    Omega_Phii = 1.23531848198e-09 | +1.00451105333e-09 | -2.61603124078e-10
    slopei = 0.900145400728 | +0.272023759738 | -0.165266152175
    zeta = 5.04225200754e-06 | +4.67175186629e-06 | -1.00060610242e-05
